0 0.217188 0.319444 0.226562 0.258333 0.253125 0.256944 0.240625 0.319444
0 0.253906 0.256944 0.277344 0.256944 0.268750 0.323611 0.242188 0.323611
0 0.277344 0.256944 0.303125 0.258333 0.292187 0.323611 0.269531 0.319444
0 0.303906 0.256944 0.328906 0.255556 0.321875 0.322222 0.292969 0.320833
0 0.328906 0.259722 0.353125 0.263889 0.344531 0.322222 0.319531 0.320833
0 0.367188 0.255556 0.392969 0.259722 0.384375 0.319444 0.360156 0.318056
0 0.394531 0.258333 0.417969 0.261111 0.414062 0.318056 0.390625 0.316667
1 0.420312 0.258333 0.442969 0.258333 0.439063 0.322222 0.417187 0.322222
1 0.446094 0.258333 0.467969 0.255556 0.466406 0.319444 0.441406 0.319444
0 0.471094 0.258333 0.495312 0.261111 0.492969 0.315278 0.467187 0.319444
0 0.495312 0.259722 0.518750 0.261111 0.518750 0.313889 0.493750 0.311111
0 0.522656 0.258333 0.546094 0.261111 0.546094 0.315278 0.519531 0.312500
0 0.550781 0.255556 0.573438 0.256944 0.573438 0.308333 0.548438 0.308333
1 0.575000 0.252778 0.603125 0.254167 0.600781 0.309722 0.574219 0.312500
1 0.605469 0.254167 0.630469 0.252778 0.628906 0.312500 0.605469 0.312500
0 0.630469 0.254167 0.656250 0.256944 0.657813 0.308333 0.634375 0.305556
1 0.659375 0.254167 0.686719 0.261111 0.684375 0.304167 0.660937 0.308333
0 0.687500 0.254167 0.714844 0.252778 0.714844 0.304167 0.692187 0.304167
1 0.717187 0.254167 0.746094 0.252778 0.746875 0.308333 0.716406 0.308333
1 0.746875 0.247222 0.772656 0.245833 0.775000 0.308333 0.751563 0.308333
1 0.771094 0.250000 0.798438 0.251389 0.802344 0.304167 0.775781 0.302778
0 0.798438 0.247222 0.825781 0.243056 0.834375 0.305556 0.803906 0.305556
1 0.176563 0.426389 0.189844 0.370833 0.218750 0.372222 0.203125 0.430556
1 0.202344 0.430556 0.217188 0.368056 0.243750 0.375000 0.231250 0.425000
0 0.230469 0.422222 0.243750 0.369444 0.268750 0.372222 0.257812 0.433333
1 0.261719 0.430556 0.271094 0.372222 0.301563 0.375000 0.289844 0.430556
1 0.294531 0.425000 0.302344 0.372222 0.331250 0.375000 0.317188 0.433333
1 0.332813 0.423611 0.336719 0.373611 0.367969 0.375000 0.359375 0.430556
1 0.357812 0.427778 0.367969 0.370833 0.392969 0.373611 0.389062 0.431944
0 0.392969 0.423611 0.398438 0.366667 0.426563 0.366667 0.419531 0.425000
1 0.419531 0.426389 0.423438 0.369444 0.453125 0.373611 0.447656 0.422222
1 0.447656 0.423611 0.451562 0.369444 0.482812 0.365278 0.477344 0.427778
1 0.479687 0.425000 0.483594 0.365278 0.511719 0.365278 0.507812 0.426389
0 0.506250 0.426389 0.510156 0.369444 0.537500 0.366667 0.536719 0.426389
0 0.538281 0.429167 0.540625 0.361111 0.567187 0.363889 0.567969 0.426389
0 0.568750 0.423611 0.571094 0.368056 0.598437 0.366667 0.597656 0.426389
1 0.596094 0.423611 0.598437 0.362500 0.630469 0.361111 0.628125 0.425000
1 0.632031 0.425000 0.632031 0.362500 0.660937 0.352778 0.662500 0.420833
0 0.663281 0.423611 0.664062 0.356944 0.691406 0.356944 0.694531 0.430556
1 0.693750 0.426389 0.691406 0.358333 0.722656 0.352778 0.727344 0.425000
1 0.728125 0.426389 0.725000 0.362500 0.750000 0.356944 0.757031 0.423611
1 0.758594 0.429167 0.754687 0.362500 0.782031 0.354167 0.792188 0.420833
0 0.794531 0.426389 0.789844 0.358333 0.814063 0.355556 0.823438 0.422222
1 0.824219 0.420833 0.821094 0.359722 0.846094 0.358333 0.857812 0.425000
1 0.157812 0.501389 0.170313 0.422222 0.194531 0.429167 0.187500 0.498611
1 0.182812 0.502778 0.197656 0.423611 0.227344 0.423611 0.214844 0.504167
1 0.212500 0.500000 0.222656 0.418056 0.252344 0.419444 0.237500 0.501389
0 0.239844 0.506944 0.251563 0.427778 0.280469 0.427778 0.270313 0.505556
1 0.272656 0.505556 0.280469 0.425000 0.309375 0.425000 0.299219 0.502778
1 0.320312 0.506944 0.326562 0.426389 0.350781 0.427778 0.345313 0.511111
1 0.346094 0.508333 0.356250 0.425000 0.388281 0.429167 0.376563 0.504167
1 0.375781 0.505556 0.386719 0.430556 0.413281 0.429167 0.404687 0.506944
1 0.417969 0.422222 0.446094 0.427778 0.439844 0.502778 0.408594 0.505556
0 0.441406 0.505556 0.447656 0.430556 0.471875 0.431944 0.471875 0.504167
1 0.473438 0.502778 0.478125 0.430556 0.506250 0.433333 0.503125 0.505556
1 0.502344 0.504167 0.507812 0.437500 0.535156 0.433333 0.535156 0.501389
1 0.539062 0.501389 0.539844 0.433333 0.565625 0.430556 0.563281 0.501389
1 0.566406 0.498611 0.568750 0.431944 0.598437 0.437500 0.596875 0.502778
1 0.600000 0.502778 0.599219 0.434722 0.628125 0.430556 0.626563 0.500000
1 0.631250 0.497222 0.632812 0.427778 0.660156 0.430556 0.662500 0.500000
1 0.667188 0.502778 0.664844 0.431944 0.693750 0.433333 0.696094 0.494444
1 0.699219 0.498611 0.693750 0.436111 0.725781 0.431944 0.729688 0.494444
1 0.732031 0.502778 0.729688 0.436111 0.758594 0.429167 0.762500 0.494444
1 0.765625 0.500000 0.759375 0.429167 0.792969 0.426389 0.798438 0.497222
1 0.799219 0.500000 0.794531 0.433333 0.825000 0.431944 0.829688 0.495833
1 0.833594 0.497222 0.827344 0.433333 0.858594 0.422222 0.869531 0.497222
1 0.099219 0.652778 0.117188 0.573611 0.144531 0.577778 0.130469 0.656944
1 0.128906 0.656944 0.143750 0.579167 0.174219 0.579167 0.164844 0.651389
1 0.164844 0.658333 0.173437 0.580556 0.209375 0.579167 0.197656 0.656944
1 0.198437 0.655556 0.207813 0.577778 0.239844 0.577778 0.230469 0.652778
1 0.230469 0.658333 0.239063 0.588889 0.272656 0.584722 0.255469 0.659722
1 0.282813 0.654167 0.289844 0.583333 0.321875 0.583333 0.312500 0.654167
1 0.316406 0.655556 0.318750 0.583333 0.357031 0.577778 0.349219 0.654167
1 0.348438 0.654167 0.357812 0.577778 0.396875 0.580556 0.382812 0.662500
0 0.384375 0.655556 0.397656 0.580556 0.425781 0.580556 0.417969 0.659722
1 0.417969 0.663889 0.423438 0.583333 0.459375 0.583333 0.451562 0.655556
1 0.453125 0.662500 0.456250 0.586111 0.489063 0.581944 0.488281 0.661111
1 0.488281 0.668056 0.492969 0.590278 0.525000 0.580556 0.521094 0.654167
1 0.522656 0.659722 0.526563 0.581944 0.560156 0.584722 0.559375 0.652778
0 0.563281 0.665278 0.560937 0.580556 0.594531 0.579167 0.596875 0.655556
1 0.596875 0.659722 0.596094 0.586111 0.632031 0.579167 0.632031 0.661111
1 0.633594 0.662500 0.633594 0.587500 0.666406 0.584722 0.670312 0.666667
1 0.674219 0.669444 0.668750 0.587500 0.702344 0.586111 0.710156 0.666667
1 0.710156 0.666667 0.705469 0.590278 0.739062 0.584722 0.747656 0.665278
1 0.746875 0.661111 0.743750 0.587500 0.773438 0.580556 0.784375 0.669444
0 0.788281 0.673611 0.778906 0.583333 0.810156 0.581944 0.823438 0.666667
0 0.825000 0.661111 0.816406 0.586111 0.843750 0.579167 0.857812 0.668056
1 0.860938 0.659722 0.850781 0.591667 0.881250 0.577778 0.899219 0.665278
0 0.032813 0.770833 0.055469 0.695833 0.085938 0.702778 0.064844 0.770833
1 0.067969 0.775000 0.085156 0.694444 0.123438 0.697222 0.110156 0.779167
1 0.110156 0.776389 0.126562 0.695833 0.164844 0.695833 0.150000 0.781944
0 0.146875 0.783333 0.161719 0.694444 0.206250 0.695833 0.189062 0.775000
0 0.192188 0.770833 0.203125 0.690278 0.246094 0.695833 0.232813 0.783333
1 0.230469 0.777778 0.242969 0.698611 0.283594 0.693056 0.275000 0.780556
1 0.274219 0.775000 0.282813 0.698611 0.326562 0.695833 0.317188 0.775000
0 0.318750 0.775000 0.327344 0.706944 0.371094 0.700000 0.359375 0.779167
0 0.360156 0.787500 0.369531 0.708333 0.411719 0.704167 0.403906 0.781944
0 0.404687 0.781944 0.410938 0.700000 0.453906 0.702778 0.448437 0.779167
1 0.450000 0.786111 0.453906 0.701389 0.491406 0.702778 0.487500 0.787500
0 0.487500 0.790278 0.491406 0.706944 0.533594 0.704167 0.530469 0.791667
